00001000000000000000000001011011
00100011101111011111111111111100
10101111101100000000000000000000
00000000000001010010100010000000
00000000000001100011000010000000
00000000101001000100100000100000
00000000110001000101000000100000
10001101001100000000000000000000
10001101010010000000000000000000
10101101001010000000000000000000
10101101010100000000000000000000
10001111101100000000000000000000
00100011101111010000000000000100
00000011111000000000000000001000
00100011101111011111111111110000
10101111101111110000000000001100
10101111101100100000000000001000
10101111101100010000000000000100
10101111101100000000000000000000
00000000101000001000000000100000
00000000110000001000100000100000
00000010000100010100000000100000
00000000000010000100000001000010
00000000000010000100000010000000
00000001000001000100000000100000
10001101000100100000000000000000
00000000000100001000000010000000
00000000000100011000100010000000
00000010000001000100000000100000
10001101000010000000000000000000
00000001000100100100000000101010
00010001000000000000000000000010
00100010000100000000000000000100
00001000000000000000000000011100
00000010001001000100000000100000
10001101000010000000000000000000
00000010010010000100000000101010
00010001000000000000000000000010
00100010001100011111111111111100
00001000000000000000000000100010
00000010001100000100000000101010
00110100000000010000000000000001
00000000001010000100000000100010
00010000000010000000000000001111
00100011101111011111111111110000
10101111101100010000000000001100
10101111101100000000000000001000
10101111101001100000000000000100
10101111101001010000000000000000
00000000000100000010100010000010
00000000000100010011000010000010
00001100000000000000000000000001
10001111101001010000000000000000
10001111101001100000000000000100
10001111101100000000000000001000
10001111101100010000000000001100
00100011101111010000000000010000
00100010000100000000000000000100
00100010001100011111111111111100
00000010001100000100000000101010
00110100000000010000000000000001
00000000001010000100000000100010
00010101000000001111111111011101
00000000000100001000000010000011
00000000000100011000100010000011
00000000101100010100000000101010
00010001000000000000000000001000
00100011101111011111111111111000
10101111101001100000000000000100
10101111101001010000000000000000
00000000000100010011000000100000
00001100000000000000000000001110
10001111101001010000000000000000
10001111101001100000000000000100
00100011101111010000000000001000
00000010000001100100000000101010
00010001000000000000000000001000
00100011101111011111111111111000
10101111101001100000000000000100
10101111101001010000000000000000
00000000000100000010100000100000
00001100000000000000000000001110
10001111101001010000000000000000
10001111101001100000000000000100
00100011101111010000000000001000
10001111101100000000000000000000
10001111101100010000000000000100
10001111101100100000000000001000
10001111101111110000000000001100
00100011101111010000000000010000
00000011111000000000000000001000
00100000000101110000000000000000
00100000000100000000000000000000
10101110111100000000000000000000
00100000000100001111111111111101
10101110111100000000000000000100
00100000000100000000000000001010
10101110111100000000000000001000
00100000000100000000000000001000
10101110111100000000000000001100
00100000000100000000000000001111
10101110111100000000000000010000
00100000000100000000000000000010
10101110111100000000000000010100
00100000000100001111111111111010
10101110111100000000000000011000
00100000000100000000000000000111
10101110111100000000000000011100
00000000000101110010000000100000
00100000000001010000000000000000
00100000000001100000000000000111
00001100000000000000000000001110
00000000000000000000000000000000
00000000000000000000000000000000
00000000000000000000000000000000
00000000000000000000000000000000
00000000000000000000000000000000
00000000000000000000000000000000
